1.247781972706317966e+00
1.236039536356925872e+00
1.239902970671653781e+00
1.227732471048831986e+00
1.236075109273195194e+00
1.231909728020429640e+00
1.225187128752470045e+00
1.221555833622813170e+00
1.226411503881216003e+00
1.231688764870166874e+00
1.223654369503259565e+00
1.217310686036944478e+00
1.219949330806732180e+00
1.208733732864260668e+00
1.217025584906339608e+00
1.208917775064706879e+00
1.201052030101418477e+00
1.200769999653100939e+00
1.201673127710819244e+00
1.194418395236134467e+00
1.199965720176696671e+00
1.192485361784696662e+00
1.189138464152812880e+00
1.191268896996974913e+00
1.184216939985752060e+00
1.174493531927466305e+00
1.173388062402606069e+00
1.176273304760456107e+00
1.175020275443792395e+00
1.158535985276103020e+00
1.165360404431819985e+00
1.164551246047019983e+00
1.150473546683788317e+00
1.152172865062952134e+00
1.136015214905142789e+00
1.144788169652223520e+00
1.148904467314481703e+00
1.146089185982942515e+00
1.132189125597476975e+00
1.136113512560725125e+00
1.130802781820297254e+00
1.119154961496591660e+00
1.116896362185478164e+00
1.115392935663461760e+00
1.107016606375575085e+00
1.120269678950309711e+00
1.107941934198141132e+00
1.107025978550314926e+00
1.110571733802556915e+00
1.115270847752690253e+00
